0: [0],[17599, 21897],[17599, 17243],[17599, 5903],[17599, -1]
1: [1]
2: [2]
3: [3]
4: [4]
5: [5],[16174, 377310832, 8087, 2]
6: [6]
7: [7]
8: [8],[52737, 80535],[17579, -44935],[70316, -12381],[35158, 449472]
9: [9]
10: [10],[41893, 47163854],[83786, 2]
11: [11],[14891, 2, 29782, 188655416]
12: [12]
13: [13]
14: [14],[69837, 2341, 46558, 192],[23279, 1]
15: [15]
16: [16],[200534, 128],[100267, 472691]
17: [17]
18: [18],[305589, 43, 101863, -209],[203726, 1, 407452, 5]
19: [19],[185342, 94327708, 92671, 2]
20: [20],[71789, 273, 143578, 59, 215367, 1, 287156, 5]
21: [21]
22: [22]
23: [23]
24: [24],[189586, 2053],[94793, 2],[284379, 121008896]
25: [25]
26: [26]
27: [27]
28: [28],[20399, 23694],[40798, 23694],[61197, 23694],[20399, 21897],[61197, 21897],[20399, 17243],[61197, 17243],[20399, 5903],[61197, 5903],[20399, -1],[61197, -1]
29: [29]
30: [30]
31: [31],[101359, 23694],[202718, 1509243328],[101359, 21897],[101359, 17243],[101359, 5903],[101359, -1]
32: [32],[45569, 2],[91138, 60504448]
33: [33]
34: [34],[291513, 4127, 194342, -3],[97171, 1]
35: [35]
36: [36]
37: [37],[40594, 754621664, 20297, 2]
38: [38]
39: [39],[47279, 13301945139384, 141837, -27661578496992],[94558, 496862526976, 189116, 35760011413632],[189116, 33047901153216],[47279, 12293099211492],[47279, 11360766161646],[189116, 26023882704704],[47279, 8946142892874],[47279, 7044724935006],[189116, 8909063365184],[47279, 2411703954726],[47279, 825627120846],[189116, -1509243328],[47279, -139865682],[47279, 23694]
40: [40]
41: [41],[54983, -24],[164949, 2053],[109966, 1]
42: [42]
43: [43]
44: [44]
45: [45],[362742, 160],[241828, 10],[181371, 5, 120914, 31250],[60457, 2],[302285, 2]
46: [46],[292143, 125, 194762, 10],[97381, 5],[389524, 5]
47: [47],[87359, 21897240583000, 174718, 1000000000],[87359, 19185130322584],[87359, 18176284394692],[87359, 17243951344846],[87359, 10219932896334],[87359, 7805309627562],[87359, 5903891669694],[87359, -11210927669826],[87359, -15843948650106],[87359, -17430025483986],[87359, -26340598092498],[87359, -27166365079026],[87359, -27166225189650]
48: [48],[103954, 23694],[155931, 23694],[51977, -49272],[103954, 21897],[103954, 17243],[103954, 5903],[103954, -1]
49: [49]
