0: [0],[17599, 21897],[17599, 20419],[17599, 19284],[17599, 18449],[17599, 17849],[17599, 17424],[17599, 17125],[17599, 16915],[17599, 16767],[17599, 16664],[17599, 16592],[17599, 16541],[17599, 16505],[17599, 16480],[17599, 16463],[17599, 16451],[17599, 16442],[17599, 16436],[17599, 16432],[17599, 16429],[17599, 16427],[17599, 16426],[17599, 16425],[17599, 16424]
1: [1]
2: [2]
3: [3]
4: [4]
5: [5],[8087, 2],[16174, 377310832]
6: [6]
7: [7]
8: [8],[35158, 449472, 17579, -44935, 52737, 80535, 70316, -12381]
9: [9]
10: [10],[83786, 2, 41893, 47163854]
11: [11],[14891, 2],[29782, 188655416]
12: [12]
13: [13]
14: [14],[69837, 2341, 46558, 192, 23279, 1]
15: [15]
16: [16],[200534, 128],[100267, 472691]
17: [17]
18: [18],[305589, 43, 101863, -209, 203726, 1, 407452, 5]
19: [19],[92671, 2],[185342, 94327708]
20: [20],[71789, 273, 143578, 59, 215367, 1, 287156, 5]
21: [21]
22: [22]
23: [23]
24: [24],[189586, 2053, 94793, 2],[284379, 121008896]
25: [25]
26: [26]
27: [27]
28: [28],[20399, 23694, 40798, 23694, 61197, 23694],[20399, 21897, 40798, 21897, 61197, 21897],[40798, 21897, 61197, 21897],[61197, 21897],[20399, 20419, 40798, 20419, 61197, 20419],[40798, 20419, 61197, 20419],[61197, 20419],[20399, 19284, 40798, 19284, 61197, 19284],[40798, 19284, 61197, 19284],[61197, 19284],[20399, 18449, 40798, 18449, 61197, 18449],[40798, 18449, 61197, 18449],[61197, 18449],[20399, 17849, 40798, 17849, 61197, 17849],[40798, 17849, 61197, 17849],[61197, 17849],[20399, 17424, 40798, 17424, 61197, 17424],[40798, 17424, 61197, 17424],[61197, 17424],[20399, 17125, 40798, 17125, 61197, 17125],[40798, 17125, 61197, 17125],[61197, 17125],[20399, 16915, 40798, 16915, 61197, 16915],[40798, 16915, 61197, 16915],[61197, 16915],[20399, 16767, 40798, 16767, 61197, 16767],[40798, 16767, 61197, 16767],[61197, 16767],[20399, 16664, 40798, 16664, 61197, 16664],[40798, 16664, 61197, 16664],[61197, 16664],[20399, 16592, 40798, 16592, 61197, 16592],[40798, 16592, 61197, 16592],[61197, 16592],[20399, 16541, 40798, 16541, 61197, 16541],[40798, 16541, 61197, 16541],[61197, 16541],[20399, 16505, 40798, 16505, 61197, 16505],[40798, 16505, 61197, 16505],[61197, 16505],[20399, 16480, 40798, 16480, 61197, 16480],[40798, 16480, 61197, 16480],[61197, 16480],[20399, 16463, 40798, 16463, 61197, 16463],[40798, 16463, 61197, 16463],[61197, 16463],[20399, 16451, 40798, 16451, 61197, 16451],[40798, 16451, 61197, 16451],[61197, 16451],[20399, 16442, 40798, 16442, 61197, 16442],[40798, 16442, 61197, 16442],[61197, 16442],[20399, 16436, 40798, 16436, 61197, 16436],[40798, 16436, 61197, 16436],[61197, 16436],[20399, 16432, 40798, 16432, 61197, 16432],[40798, 16432, 61197, 16432],[61197, 16432],[20399, 16429, 40798, 16429, 61197, 16429],[40798, 16429, 61197, 16429],[61197, 16429],[20399, 16427, 40798, 16427, 61197, 16427],[40798, 16427, 61197, 16427],[61197, 16427],[20399, 16426, 40798, 16426, 61197, 16426],[40798, 16426, 61197, 16426],[61197, 16426],[20399, 16425, 40798, 16425, 61197, 16425],[40798, 16425, 61197, 16425],[61197, 16425],[20399, 16424, 40798, 16424, 61197, 16424],[40798, 16424, 61197, 16424],[61197, 16424]
29: [29]
30: [30]
31: [31],[101359, 23694],[202718, 1509243328],[101359, 21897],[101359, 20419],[101359, 19284],[101359, 18449],[101359, 17849],[101359, 17424],[101359, 17125],[101359, 16915],[101359, 16767],[101359, 16664],[101359, 16592],[101359, 16541],[101359, 16505],[101359, 16480],[101359, 16463],[101359, 16451],[101359, 16442],[101359, 16436],[101359, 16432],[101359, 16429],[101359, 16427],[101359, 16426],[101359, 16425],[101359, 16424]
32: [32],[45569, 2],[91138, 60504448]
33: [33]
34: [34],[291513, 4127, 194342, -3, 97171, 1]
35: [35]
36: [36]
37: [37],[20297, 2],[40594, 754621664]
38: [38]
39: [39],[47279, 13301945139384],[141837, -27661578496992],[94558, 496862526976],[189116, 35760011413632],[47279, 12293099211492, 47279, 11360766161646, 47279, 10499143101273, 189116, 33047901153216, 141837, -25563669466896, 141837, -23624870022648],[47279, 11360766161646, 47279, 10499143101273, 189116, 33047901153216, 141837, -25563669466896, 141837, -23624870022648],[47279, 10499143101273, 189116, 33047901153216, 141837, -25563669466896, 141837, -23624870022648],[189116, 33047901153216, 141837, -25563669466896, 141837, -23624870022648],[141837, -25563669466896, 141837, -23624870022648],[141837, -23624870022648],[47279, 9790473717171, 47279, 9129637979217, 47279, 8513407220059, 189116, 30817239514432, 141837, -22030242544296, 141837, -20543248961592],[47279, 9129637979217, 47279, 8513407220059, 189116, 30817239514432, 141837, -22030242544296, 141837, -20543248961592],[47279, 8513407220059, 189116, 30817239514432, 141837, -22030242544296, 141837, -20543248961592],[189116, 30817239514432, 141837, -22030242544296, 141837, -20543248961592],[141837, -22030242544296, 141837, -20543248961592],[141837, -20543248961592],[47279, 8040185358324, 47279, 7593267762864, 47279, 7171192298304, 189116, 29104248337152, 141837, -19401342522912, 141837, -18322909506432],[47279, 7593267762864, 47279, 7171192298304, 189116, 29104248337152, 141837, -19401342522912, 141837, -18322909506432],[47279, 7171192298304, 189116, 29104248337152, 141837, -19401342522912, 141837, -18322909506432],[189116, 29104248337152, 141837, -19401342522912, 141837, -18322909506432],[141837, -19401342522912, 141837, -18322909506432],[141837, -18322909506432],[47279, 6860678630544, 47279, 6563610249684, 47279, 6279404972849, 189116, 27844030158272, 141837, -17529524864352, 141837, -16770493892472],[47279, 6563610249684, 47279, 6279404972849, 189116, 27844030158272, 141837, -17529524864352, 141837, -16770493892472],[47279, 6279404972849, 189116, 27844030158272, 141837, -17529524864352, 141837, -16770493892472],[189116, 27844030158272, 141837, -17529524864352, 141837, -16770493892472],[141837, -17529524864352, 141837, -16770493892472],[141837, -16770493892472],[47279, 6075185612249, 47279, 5877607891649, 47279, 5686455811049, 189116, 26938484161472, 141837, -16225082415672, 141837, -15697408858872],[47279, 5877607891649, 47279, 5686455811049, 189116, 26938484161472, 141837, -16225082415672, 141837, -15697408858872],[47279, 5686455811049, 189116, 26938484161472, 141837, -16225082415672, 141837, -15697408858872],[189116, 26938484161472, 141837, -16225082415672, 141837, -15697408858872],[141837, -16225082415672, 141837, -15697408858872],[141837, -15697408858872],[47279, 5551056420624, 47279, 5418881005824, 47279, 5289852801024, 189116, 26297055747072, 141837, -15323640089472, 141837, -14958771075072],[47279, 5418881005824, 47279, 5289852801024, 189116, 26297055747072, 141837, -15323640089472, 141837, -14958771075072],[47279, 5289852801024, 189116, 26297055747072, 141837, -15323640089472, 141837, -14958771075072],[189116, 26297055747072, 141837, -15323640089472, 141837, -14958771075072],[141837, -15323640089472, 141837, -14958771075072],[141837, -14958771075072],[47279, 5199077664000, 47279, 5109860250000, 47279, 5022173828125, 189116, 25845791992000, 141837, -14702074992000, 141837, -14449783875000],[47279, 5109860250000, 47279, 5022173828125, 189116, 25845791992000, 141837, -14702074992000, 141837, -14449783875000],[47279, 5022173828125, 189116, 25845791992000, 141837, -14702074992000, 141837, -14449783875000],[189116, 25845791992000, 141837, -14702074992000, 141837, -14449783875000],[141837, -14702074992000, 141837, -14449783875000],[141837, -14449783875000],[47279, 4960588046875, 47279, 4899757478125, 47279, 4839672860875, 189116, 25528850893120, 141837, -14272589445000, 141837, -14097567910200],[47279, 4899757478125, 47279, 4839672860875, 189116, 25528850893120, 141837, -14272589445000, 141837, -14097567910200],[47279, 4839672860875, 189116, 25528850893120, 141837, -14272589445000, 141837, -14097567910200],[189116, 25528850893120, 141837, -14272589445000, 141837, -14097567910200],[141837, -14272589445000, 141837, -14097567910200],[141837, -14097567910200],[47279, 4797327511575, 47279, 4755352668435, 47279, 4713745089663, 189116, 25305482880576, 141837, -13974219399960, 141837, -13851950143608],[47279, 4755352668435, 47279, 4713745089663, 189116, 25305482880576, 141837, -13974219399960, 141837, -13851950143608],[47279, 4713745089663, 189116, 25305482880576, 141837, -13974219399960, 141837, -13851950143608],[189116, 25305482880576, 141837, -13974219399960, 141837, -13851950143608],[141837, -13974219399960, 141837, -13851950143608],[141837, -13851950143608],[47279, 4684788463896, 47279, 4656009719232, 47279, 4627407762944, 189116, 25150030817792, 141837, -13766857350336, 141837, -13682287283712],[47279, 4656009719232, 47279, 4627407762944, 189116, 25150030817792, 141837, -13766857350336, 141837, -13682287283712],[47279, 4627407762944, 189116, 25150030817792, 141837, -13766857350336, 141837, -13682287283712],[189116, 25150030817792, 141837, -13766857350336, 141837, -13682287283712],[141837, -13766857350336, 141837, -13682287283712],[141837, -13682287283712],[47279, 4607414162432, 47279, 4587506948096, 47279, 4567685746688, 189116, 25041365298176, 141837, -13623170343936, 141837, -13564308830208],[47279, 4587506948096, 47279, 4567685746688, 189116, 25041365298176, 141837, -13623170343936, 141837, -13564308830208],[47279, 4567685746688, 189116, 25041365298176, 141837, -13623170343936, 141837, -13564308830208],[189116, 25041365298176, 141837, -13623170343936, 141837, -13564308830208],[141837, -13623170343936, 141837, -13564308830208],[141837, -13564308830208],[47279, 4553645729024, 47279, 4539648867152, 47279, 4525695028421, 189116, 24964393888448, 141837, -13522615257984, 141837, -13481049842232],[47279, 4539648867152, 47279, 4525695028421, 189116, 24964393888448, 141837, -13522615257984, 141837, -13481049842232],[47279, 4525695028421, 189116, 24964393888448, 141837, -13522615257984, 141837, -13481049842232],[189116, 24964393888448, 141837, -13522615257984, 141837, -13481049842232],[141837, -13522615257984, 141837, -13481049842232],[141837, -13481049842232],[47279, 4515845259905, 47279, 4506016928525, 47279, 4496209987625, 189116, 24910061128640, 141837, -13451709548760, 141837, -13422433111800],[47279, 4506016928525, 47279, 4496209987625, 189116, 24910061128640, 141837, -13451709548760, 141837, -13422433111800],[47279, 4496209987625, 189116, 24910061128640, 141837, -13451709548760, 141837, -13422433111800],[189116, 24910061128640, 141837, -13451709548760, 141837, -13422433111800],[141837, -13451709548760, 141837, -13422433111800],[141837, -13422433111800],[47279, 4489399612000, 47279, 4482599552000, 47279, 4475809792000, 189116, 24872330045440, 141837, -13402102252800, 141837, -13381802188800],[47279, 4482599552000, 47279, 4475809792000, 189116, 24872330045440, 141837, -13402102252800, 141837, -13381802188800],[47279, 4475809792000, 189116, 24872330045440, 141837, -13402102252800, 141837, -13381802188800],[189116, 24872330045440, 141837, -13402102252800, 141837, -13381802188800],[141837, -13402102252800, 141837, -13381802188800],[141837, -13381802188800],[47279, 4471192755200, 47279, 4466580481120, 47279, 4461972964847, 189116, 24846672908864, 141837, -13367998145280, 141837, -13354208341368],[47279, 4466580481120, 47279, 4461972964847, 189116, 24846672908864, 141837, -13367998145280, 141837, -13354208341368],[47279, 4461972964847, 189116, 24846672908864, 141837, -13367998145280, 141837, -13354208341368],[189116, 24846672908864, 141837, -13367998145280, 141837, -13354208341368],[141837, -13367998145280, 141837, -13354208341368],[141837, -13354208341368],[47279, 4458720600419, 47279, 4455470606663, 47279, 4452222981851, 189116, 24828561988928, 141837, -13344474362136, 141837, -13334747478072],[47279, 4455470606663, 47279, 4452222981851, 189116, 24828561988928, 141837, -13344474362136, 141837, -13334747478072],[47279, 4452222981851, 189116, 24828561988928, 141837, -13344474362136, 141837, -13334747478072],[189116, 24828561988928, 141837, -13344474362136, 141837, -13334747478072],[141837, -13344474362136, 141837, -13334747478072],[141837, -13334747478072],[47279, 4449787263242, 47279, 4447352877164, 47279, 4444919822888, 189116, 24814978798976, 141837, -13327452315024, 141837, -13320161143008],[47279, 4447352877164, 47279, 4444919822888, 189116, 24814978798976, 141837, -13327452315024, 141837, -13320161143008],[47279, 4444919822888, 189116, 24814978798976, 141837, -13327452315024, 141837, -13320161143008],[189116, 24814978798976, 141837, -13327452315024, 141837, -13320161143008],[141837, -13327452315024, 141837, -13320161143008],[141837, -13320161143008],[47279, 4443297786704, 47279, 4441676342432, 47279, 4440055489856, 189116, 24805923339008, 141837, -13315300361664, 141837, -13310441354112],[47279, 4441676342432, 47279, 4440055489856, 189116, 24805923339008, 141837, -13315300361664, 141837, -13310441354112],[47279, 4440055489856, 189116, 24805923339008, 141837, -13315300361664, 141837, -13310441354112],[189116, 24805923339008, 141837, -13315300361664, 141837, -13310441354112],[141837, -13315300361664, 141837, -13310441354112],[141837, -13310441354112],[47279, 4438974921472, 47279, 4437894616064, 47279, 4436814573568, 189116, 24799886365696, 141837, -13307202015744, 141837, -13303963465728],[47279, 4437894616064, 47279, 4436814573568, 189116, 24799886365696, 141837, -13307202015744, 141837, -13303963465728],[47279, 4436814573568, 189116, 24799886365696, 141837, -13307202015744, 141837, -13303963465728],[189116, 24799886365696, 141837, -13307202015744, 141837, -13303963465728],[141837, -13307202015744, 141837, -13303963465728],[141837, -13303963465728],[47279, 4436004541696, 47279, 4435194657712, 47279, 4434384921589, 189116, 24795358635712, 141837, -13301534553216, 141837, -13299106084152],[47279, 4435194657712, 47279, 4434384921589, 189116, 24795358635712, 141837, -13301534553216, 141837, -13299106084152],[47279, 4434384921589, 189116, 24795358635712, 141837, -13301534553216, 141837, -13299106084152],[189116, 24795358635712, 141837, -13301534553216, 141837, -13299106084152],[141837, -13301534553216, 141837, -13299106084152],[141837, -13299106084152],[47279, 4433845097507, 47279, 4433305339141, 47279, 4432765646483, 189116, 24792340149056, 141837, -13297487104776, 141837, -13295868322488],[47279, 4433305339141, 47279, 4432765646483, 189116, 24792340149056, 141837, -13297487104776, 141837, -13295868322488],[47279, 4432765646483, 189116, 24792340149056, 141837, -13297487104776, 141837, -13295868322488],[189116, 24792340149056, 141837, -13297487104776, 141837, -13295868322488],[141837, -13297487104776, 141837, -13295868322488],[141837, -13295868322488],[47279, 4432495800154, 47279, 4432225970252, 47279, 4431956156776, 189116, 24790830905728, 141837, -13295058931344, 141837, -13294249589472],[47279, 4432225970252, 47279, 4431956156776, 189116, 24790830905728, 141837, -13295058931344, 141837, -13294249589472],[47279, 4431956156776, 189116, 24790830905728, 141837, -13295058931344, 141837, -13294249589472],[189116, 24790830905728, 141837, -13295058931344, 141837, -13294249589472],[141837, -13295058931344, 141837, -13294249589472],[141837, -13294249589472],[47279, 4431686343300, 47279, 4431416546250, 47279, 4431146765625, 189116, 24789321662400, 141837, -13293440247600, 141837, -13292630955000],[47279, 4431416546250, 47279, 4431146765625, 189116, 24789321662400, 141837, -13293440247600, 141837, -13292630955000],[47279, 4431146765625, 189116, 24789321662400, 141837, -13293440247600, 141837, -13292630955000],[189116, 24789321662400, 141837, -13293440247600, 141837, -13292630955000],[141837, -13293440247600, 141837, -13292630955000],[141837, -13292630955000],[47279, 4430876985000, 47279, 4430607220800, 47279, 4430337473024, 189116, 24787812419072, 141837, -13291821662400, 141837, -13291012419072],[47279, 4430607220800, 47279, 4430337473024, 189116, 24787812419072, 141837, -13291821662400, 141837, -13291012419072],[47279, 4430337473024, 189116, 24787812419072, 141837, -13291821662400, 141837, -13291012419072],[189116, 24787812419072, 141837, -13291821662400, 141837, -13291012419072],[141837, -13291821662400, 141837, -13291012419072],[141837, -13291012419072]
40: [40]
41: [41],[164949, 2053, 54983, -24, 109966, 1]
42: [42]
43: [43]
44: [44]
45: [45],[60457, 2, 302285, 2, 241828, 10, 181371, 5, 362742, 160],[120914, 31250]
46: [46],[292143, 125, 194762, 10, 97381, 5, 389524, 5]
47: [47],[174718, 1000000000],[87359, 21897240583000],[87359, 20888394655108, 87359, 19956061605262, 87359, 19094438544889, 87359, 16382328284473, 87359, 18480237314569, 87359, 20419036758817],[87359, 19956061605262, 87359, 19094438544889, 87359, 16382328284473, 87359, 18480237314569, 87359, 20419036758817],[87359, 19094438544889, 87359, 16382328284473, 87359, 18480237314569, 87359, 20419036758817],[87359, 16382328284473, 87359, 18480237314569, 87359, 20419036758817],[87359, 18480237314569, 87359, 20419036758817],[87359, 20419036758817],[87359, 19710367374715, 87359, 19049531636761, 87359, 18433300877603, 87359, 16202639238819, 87359, 17797266717171, 87359, 19284260299875],[87359, 19049531636761, 87359, 18433300877603, 87359, 16202639238819, 87359, 17797266717171, 87359, 19284260299875],[87359, 18433300877603, 87359, 16202639238819, 87359, 17797266717171, 87359, 19284260299875],[87359, 16202639238819, 87359, 17797266717171, 87359, 19284260299875],[87359, 17797266717171, 87359, 19284260299875],[87359, 19284260299875],[87359, 18811038438140, 87359, 18364120842680, 87359, 17942045378120, 87359, 16229054200840, 87359, 17370960639520, 87359, 18449393656000],[87359, 18364120842680, 87359, 17942045378120, 87359, 16229054200840, 87359, 17370960639520, 87359, 18449393656000],[87359, 17942045378120, 87359, 16229054200840, 87359, 17370960639520, 87359, 18449393656000],[87359, 16229054200840, 87359, 17370960639520, 87359, 18449393656000],[87359, 17370960639520, 87359, 18449393656000],[87359, 18449393656000],[87359, 18138879988240, 87359, 17841811607380, 87359, 17557606330545, 87359, 16297388151665, 87359, 17090772793745, 87359, 17849803765625],[87359, 17841811607380, 87359, 17557606330545, 87359, 16297388151665, 87359, 17090772793745, 87359, 17849803765625],[87359, 17557606330545, 87359, 16297388151665, 87359, 17090772793745, 87359, 17849803765625],[87359, 16297388151665, 87359, 17090772793745, 87359, 17849803765625],[87359, 17090772793745, 87359, 17849803765625],[87359, 17849803765625],[87359, 17645584405025, 87359, 17448006684425, 87359, 17256854603825, 87359, 16351308607025, 87359, 16896720083825, 87359, 17424393640625],[87359, 17448006684425, 87359, 17256854603825, 87359, 16351308607025, 87359, 16896720083825, 87359, 17424393640625],[87359, 17256854603825, 87359, 16351308607025, 87359, 16896720083825, 87359, 17424393640625],[87359, 16351308607025, 87359, 16896720083825, 87359, 17424393640625],[87359, 16896720083825, 87359, 17424393640625],[87359, 17424393640625],[87359, 17288994250200, 87359, 17156818835400, 87359, 17027790630600, 87359, 16386362216200, 87359, 16760130985600, 87359, 17125000000000],[87359, 17156818835400, 87359, 17027790630600, 87359, 16386362216200, 87359, 16760130985600, 87359, 17125000000000],[87359, 17027790630600, 87359, 16386362216200, 87359, 16760130985600, 87359, 17125000000000],[87359, 16386362216200, 87359, 16760130985600, 87359, 17125000000000],[87359, 16760130985600, 87359, 17125000000000],[87359, 17125000000000],[87359, 17034224862976, 87359, 16945007448976, 87359, 16857321027101, 87359, 16406057272029, 87359, 16662753355101, 87359, 16915044472101],[87359, 16945007448976, 87359, 16857321027101, 87359, 16406057272029, 87359, 16662753355101, 87359, 16915044472101],[87359, 16857321027101, 87359, 16406057272029, 87359, 16662753355101, 87359, 16915044472101],[87359, 16406057272029, 87359, 16662753355101, 87359, 16915044472101],[87359, 16662753355101, 87359, 16915044472101],[87359, 16915044472101],[87359, 16853458690851, 87359, 16792628122101, 87359, 16732543504851, 87359, 16415602405971, 87359, 16592796835971, 87359, 16767818370771],[87359, 16792628122101, 87359, 16732543504851, 87359, 16415602405971, 87359, 16592796835971, 87359, 16767818370771],[87359, 16732543504851, 87359, 16415602405971, 87359, 16592796835971, 87359, 16767818370771],[87359, 16415602405971, 87359, 16592796835971, 87359, 16767818370771],[87359, 16592796835971, 87359, 16767818370771],[87359, 16767818370771],[87359, 16725473021471, 87359, 16683498178331, 87359, 16641890599559, 87359, 16418522587015, 87359, 16541871097255, 87359, 16664140353607],[87359, 16683498178331, 87359, 16641890599559, 87359, 16418522587015, 87359, 16541871097255, 87359, 16664140353607],[87359, 16641890599559, 87359, 16418522587015, 87359, 16541871097255, 87359, 16664140353607],[87359, 16418522587015, 87359, 16541871097255, 87359, 16664140353607],[87359, 16541871097255, 87359, 16664140353607],[87359, 16664140353607],[87359, 16635183727840, 87359, 16606404983176, 87359, 16577803026888, 87359, 16422350964104, 87359, 16507443757376, 87359, 16592013824000],[87359, 16606404983176, 87359, 16577803026888, 87359, 16422350964104, 87359, 16507443757376, 87359, 16592013824000],[87359, 16577803026888, 87359, 16422350964104, 87359, 16507443757376, 87359, 16592013824000],[87359, 16422350964104, 87359, 16507443757376, 87359, 16592013824000],[87359, 16507443757376, 87359, 16592013824000],[87359, 16592013824000],[87359, 16572020223488, 87359, 16552113009152, 87359, 16532291807744, 87359, 16423626288128, 87359, 16482743227904, 87359, 16541604741632],[87359, 16552113009152, 87359, 16532291807744, 87359, 16423626288128, 87359, 16482743227904, 87359, 16541604741632],[87359, 16532291807744, 87359, 16423626288128, 87359, 16482743227904, 87359, 16541604741632],[87359, 16423626288128, 87359, 16482743227904, 87359, 16541604741632],[87359, 16482743227904, 87359, 16541604741632],[87359, 16541604741632],[87359, 16527564723968, 87359, 16513567862096, 87359, 16499614023365, 87359, 16422642613637, 87359, 16464336185861, 87359, 16505901601613],[87359, 16513567862096, 87359, 16499614023365, 87359, 16422642613637, 87359, 16464336185861, 87359, 16505901601613],[87359, 16499614023365, 87359, 16422642613637, 87359, 16464336185861, 87359, 16505901601613],[87359, 16422642613637, 87359, 16464336185861, 87359, 16505901601613],[87359, 16464336185861, 87359, 16505901601613],[87359, 16505901601613],[87359, 16496051833097, 87359, 16486223501717, 87359, 16476416560817, 87359, 16422083801009, 87359, 16451424094481, 87359, 16480700531441],[87359, 16486223501717, 87359, 16476416560817, 87359, 16422083801009, 87359, 16451424094481, 87359, 16480700531441],[87359, 16476416560817, 87359, 16422083801009, 87359, 16451424094481, 87359, 16480700531441],[87359, 16422083801009, 87359, 16451424094481, 87359, 16480700531441],[87359, 16451424094481, 87359, 16480700531441],[87359, 16480700531441],[87359, 16473890155816, 87359, 16467090095816, 87359, 16460300335816, 87359, 16422569252616, 87359, 16442900111616, 87359, 16463200175616],[87359, 16467090095816, 87359, 16460300335816, 87359, 16422569252616, 87359, 16442900111616, 87359, 16463200175616],[87359, 16460300335816, 87359, 16422569252616, 87359, 16442900111616, 87359, 16463200175616],[87359, 16422569252616, 87359, 16442900111616, 87359, 16463200175616],[87359, 16442900111616, 87359, 16463200175616],[87359, 16463200175616],[87359, 16458583138816, 87359, 16453970864736, 87359, 16449363348463, 87359, 16423706211887, 87359, 16437510255407, 87359, 16451300059319],[87359, 16453970864736, 87359, 16449363348463, 87359, 16423706211887, 87359, 16437510255407, 87359, 16451300059319],[87359, 16449363348463, 87359, 16423706211887, 87359, 16437510255407, 87359, 16451300059319],[87359, 16423706211887, 87359, 16437510255407, 87359, 16451300059319],[87359, 16437510255407, 87359, 16451300059319],[87359, 16451300059319],[87359, 16448047694891, 87359, 16444797701135, 87359, 16441550076323, 87359, 16423439156387, 87359, 16433173135619, 87359, 16442900019683],[87359, 16444797701135, 87359, 16441550076323, 87359, 16423439156387, 87359, 16433173135619, 87359, 16442900019683],[87359, 16441550076323, 87359, 16423439156387, 87359, 16433173135619, 87359, 16442900019683],[87359, 16423439156387, 87359, 16433173135619, 87359, 16442900019683],[87359, 16433173135619, 87359, 16442900019683],[87359, 16442900019683],[87359, 16440464301074, 87359, 16438029914996, 87359, 16435596860720, 87359, 16422013670768, 87359, 16429308833816, 87359, 16436600005832],[87359, 16438029914996, 87359, 16435596860720, 87359, 16422013670768, 87359, 16429308833816, 87359, 16436600005832],[87359, 16435596860720, 87359, 16422013670768, 87359, 16429308833816, 87359, 16436600005832],[87359, 16422013670768, 87359, 16429308833816, 87359, 16436600005832],[87359, 16429308833816, 87359, 16436600005832],[87359, 16436600005832],[87359, 16434977969648, 87359, 16433356525376, 87359, 16431735672800, 87359, 16422680212832, 87359, 16427540994176, 87359, 16432400001728],[87359, 16433356525376, 87359, 16431735672800, 87359, 16422680212832, 87359, 16427540994176, 87359, 16432400001728],[87359, 16431735672800, 87359, 16422680212832, 87359, 16427540994176, 87359, 16432400001728],[87359, 16422680212832, 87359, 16427540994176, 87359, 16432400001728],[87359, 16427540994176, 87359, 16432400001728],[87359, 16432400001728],[87359, 16431319433344, 87359, 16430239127936, 87359, 16429159085440, 87359, 16423122112128, 87359, 16426361450496, 87359, 16429600000512],[87359, 16430239127936, 87359, 16429159085440, 87359, 16423122112128, 87359, 16426361450496, 87359, 16429600000512],[87359, 16429159085440, 87359, 16423122112128, 87359, 16426361450496, 87359, 16429600000512],[87359, 16423122112128, 87359, 16426361450496, 87359, 16429600000512],[87359, 16426361450496, 87359, 16429600000512],[87359, 16429600000512],[87359, 16428789968640, 87359, 16427980084656, 87359, 16427170348533, 87359, 16422642618549, 87359, 16425071531061, 87359, 16427500000125],[87359, 16427980084656, 87359, 16427170348533, 87359, 16422642618549, 87359, 16425071531061, 87359, 16427500000125],[87359, 16427170348533, 87359, 16422642618549, 87359, 16425071531061, 87359, 16427500000125],[87359, 16422642618549, 87359, 16425071531061, 87359, 16427500000125],[87359, 16425071531061, 87359, 16427500000125],[87359, 16427500000125],[87359, 16426960176043, 87359, 16426420417677, 87359, 16425880725019, 87359, 16422862238363, 87359, 16424481217739, 87359, 16426100000027],[87359, 16426420417677, 87359, 16425880725019, 87359, 16422862238363, 87359, 16424481217739, 87359, 16426100000027],[87359, 16425880725019, 87359, 16422862238363, 87359, 16424481217739, 87359, 16426100000027],[87359, 16422862238363, 87359, 16424481217739, 87359, 16426100000027],[87359, 16424481217739, 87359, 16426100000027],[87359, 16426100000027],[87359, 16425830153698, 87359, 16425560323796, 87359, 16425290510320, 87359, 16423781266992, 87359, 16424590658136, 87359, 16425400000008],[87359, 16425560323796, 87359, 16425290510320, 87359, 16423781266992, 87359, 16424590658136, 87359, 16425400000008],[87359, 16425290510320, 87359, 16423781266992, 87359, 16424590658136, 87359, 16425400000008],[87359, 16423781266992, 87359, 16424590658136, 87359, 16425400000008],[87359, 16424590658136, 87359, 16425400000008],[87359, 16425400000008],[87359, 16425130186532, 87359, 16424860389482, 87359, 16424590608857, 87359, 16423081365529, 87359, 16423890707401, 87359, 16424700000001],[87359, 16424860389482, 87359, 16424590608857, 87359, 16423081365529, 87359, 16423890707401, 87359, 16424700000001],[87359, 16424590608857, 87359, 16423081365529, 87359, 16423890707401, 87359, 16424700000001],[87359, 16423081365529, 87359, 16423890707401, 87359, 16424700000001],[87359, 16423890707401, 87359, 16424700000001],[87359, 16424700000001],[87359, 16424430219376, 87359, 16424160455176, 87359, 16423890707400, 87359, 16422381464072, 87359, 16423190756672, 87359, 16424000000000],[87359, 16424160455176, 87359, 16423890707400, 87359, 16422381464072, 87359, 16423190756672, 87359, 16424000000000],[87359, 16423890707400, 87359, 16422381464072, 87359, 16423190756672, 87359, 16424000000000],[87359, 16422381464072, 87359, 16423190756672, 87359, 16424000000000],[87359, 16423190756672, 87359, 16424000000000],[87359, 16424000000000]
48: [48],[103954, 23694, 155931, 23694],[51977, -49272],[103954, 21897, 155931, 21897],[155931, 21897],[103954, 20419, 155931, 20419],[155931, 20419],[103954, 19284, 155931, 19284],[155931, 19284],[103954, 18449, 155931, 18449],[155931, 18449],[103954, 17849, 155931, 17849],[155931, 17849],[103954, 17424, 155931, 17424],[155931, 17424],[103954, 17125, 155931, 17125],[155931, 17125],[103954, 16915, 155931, 16915],[155931, 16915],[103954, 16767, 155931, 16767],[155931, 16767],[103954, 16664, 155931, 16664],[155931, 16664],[103954, 16592, 155931, 16592],[155931, 16592],[103954, 16541, 155931, 16541],[155931, 16541],[103954, 16505, 155931, 16505],[155931, 16505],[103954, 16480, 155931, 16480],[155931, 16480],[103954, 16463, 155931, 16463],[155931, 16463],[103954, 16451, 155931, 16451],[155931, 16451],[103954, 16442, 155931, 16442],[155931, 16442],[103954, 16436, 155931, 16436],[155931, 16436],[103954, 16432, 155931, 16432],[155931, 16432],[103954, 16429, 155931, 16429],[155931, 16429],[103954, 16427, 155931, 16427],[155931, 16427],[103954, 16426, 155931, 16426],[155931, 16426],[103954, 16425, 155931, 16425],[155931, 16425],[103954, 16424, 155931, 16424],[155931, 16424]
49: [49]
